11203020312
11203021924
11203022128
11203030141
11203030554
11203031007
11203031421
11203031834
11203032247
11203040300
11203040549
11203040952
11203041210
11203041623
11203042036
11203050048
11203050501
11203052033
11203052357
11203060300
11203060604
11203061856
11203072006
11203072319
11203080232
11203080545
11203082016
11203082329
11203090242
11203090512
11203090706
11203091801
11203092114
11203100027
11203100355
11203100707
11203101138
11203101451
11203101701
11203102004
11203102307
11203110310
11203110613
11203110916
11203111213
11203111526
11203111839
11203112207
11203120120
11203120433
11203121005
11203122226
11203130138
11203130451
11203131509
11203131615
11203131918
11203132220
11203140123
11203140426
11203141454
11203141628
11203141837
11203142150
11203150119
11203150422
11203151058
11203151232
11203151344
11203151455
11203151645
11203151957
11203152310
11203160238
11203160551
11203160826
11203160946
11203161047
11203161642
11203161955
11203162308
11203170305
11203170618
11203170931
11203171244
11203171642
11203171955
11203172338
11203180038
11203180251
11203180351
11203180604
11203180704
11203181724
11203182037
11203182350
11203190348
11203191811
11203192124
11203200037
11203200434
11203202019
11203202332
11203210245
11203210643
11203210955
11203211308
11203211621
11203212019
11203220917
11203221719
11203222032
11203222345
11203230343
11203230718
11203231626
11203231758
11203231939
11203232111
11203232252
11203240024
11203240250
11203240422
11203240603
11203240958
11203241213
11203241315
11203241417
11203241721
11203242034
11203242347
11203250345
11203250658
11203251011
11203251324
11203251733
11203252046
11203252359
11203260357
11203260710
11203261642
11203261946
11203270616
11203272022
11203272335
11203280617
11203281920
11203282233
11203290146
11203290544
11203291819
11203292225
11203300138
11203300451
11203301712
11203302126
11203310039
11203310352
11203310750
11203311103
11203311416
11203311500
11203311836
11203311915
11203312228
11204010141
11204010538
11204010851
11204011204
11204011517
11204011915
11204012228
11204020141
11204020454
11204022019
11204022332
11204030245
11204031751
11204032004
11204032217
11204040114
11204040327
11204040540
11204042107
11204050020
11204050333
11204051621
11204051904
11204052217
11204060131
11204060528
11204062044
11204062357
11204070310
11204070713
11204071026
11204071340
11204071653
11204071901
11204072215
11204080128
11204080531
11204080844
11204081157
11204081813
11204082126
11204090039
11204090443
11204090756
11204091949
11204092302
11204100215
11204100619
11204101934
11204102247
11204110200
11204110603
11204111836
11204111921
11204112234
11204120147
11204120550
11204120722
11204121749
11204122102
11204122213
11204130126
11204130439
11204131834
11204132147
11204140100
11204140457
11204140810
11204141232
11204141545
11204141858
11204142256
11204150209
11204150522
11204150835
11204151233
11204151546
11204152314
11204160114
11204161139
11204161422
11204161735
11204162048
11204162313
11204170226
11204170501
11204171738
11204172029
11204172342
11204180255
11204181834
11204182149
11204190104
11204190419
11204190646
11204191844
11204200059
11204200714
11204201457
11204201812
11204202127
11204210042
11204210357
11204210712
11204211027
11204211342
11204211657
11204211941
11204212256
11204220211
11204220526
11204220841
11204221156
11204221511
11204221826
11204222141
11204230056
11204230411
11204231815
11204232130
11204240045
11204240400
11204240617
11204241814
11204242129
11204250044
11204250359
11204251736
11204252051
11204260006
11204260322
11204260637
11204260952
11204261738
11204262053
11204270008
11204270323
11204270638
11204271739
11204272055
11204280010
11204280325
11204280640
11204280955
11204281310
11204281625
11204282109
11204282148
11204290103
11204290418
11204290733
11204291048
11204291403
11204291718
11204292037
11204300307
11204300622
11204301725
11204302121
11205010036
11205010351
11205011622
11205011935
11205012249
11205020202
11205020515
11205022007
11205022322
11205030237
11205030552
11205031510
11205031825
11205032140
11205040055
11205040410
11205041452
11205041807
11205042122
11205050037
11205050352
11205050538
11205050853
11205051208
11205051523
11205051838
11205052100
11205060015
11205060330
11205060645
11205061001
11205061316
11205061612
11205061927
11205062242
11205070157
11205070512
11205071452
11205071807
11205072122
11205080037
11205080352
11205080707
11205081719
11205082034
11205082349
11205090304
11205090619
11205091217
11205091723
11205092038
11205092353
11205100204
11205100520
11205100835
11205101802
11205102117
11205110032
11205110347
11205110702
11205110935
11205111846
11205112201
11205120116
11205120431
11205120616
11205120931
11205121246
11205121601
11205121916
11205122231
11205130147
11205130438
11205130754
11205131109
11205131424
11205131739
11205132054
11205140009
11205140254
11205140609
11205141652
11205142007
11205142322
11205150129
11205150444
11205151645
11205152000
11205160230
11205160546
11205161648
11205162003
11205162304
11205170219
11205170534
11205171649
11205172207
11205180122
11205180437
11205181633
11205181857
11205182212
11205190127
11205190442
11205190757
11205191112
11205191427
11205191742
11205192232
11205200147
11205200502
11205200817
11205201132
11205201535
11205201850
11205202205
11205210120
11205210436
11205221848
11205222203
11205230119
11205230434
11205230749
11205252135
11205260050
11205260406
11205260703
11205261018
11205261333
11205261648
11205262003
11205262318
11205270233
11205270459
11205270814
11205271129
11205271444
11205271800
11205272115
11205280030
11205280247
11205280602
11205280917
11205281232
11205281547
11205281902
11205282217
11205290052
11205290407
11205290722
11205292056
11205300011
11205300326
11205302045
11205310000
11205310315
11205310630
11205311721
11205311853
11205312226
11206010141
11206010456
11206010755
11206011815
11206012130
11206020045
11206020400
11206020715
11206021030
11206021345
11206021703
11206022018
11206022333
11206030248
11206030604
11206030919
11206031234
11206031606
11206031922
11206032237
11206040152
11206040507
11206050059
11206050414
11206050729
11206052305
11206060614
11206142013
11206142328
11206150243
11206150558
11206151801
11206152116
11206160031
11206160346
11206160701
11206161016
11206161222
11206161343
11206161701
11206162005
11206162225
11206170140
11206170455
11206170810
11206170934
11206171249
11206171604
11206171919
11206172234
11206180149
11206180504
11206180734
11206181653
11206182031
11206182348
11206190305
11206190533
11206191657
11206192014
11206192331
11206200248
11206200453
11206201718
11206202034
11206202351
11206210120
11206210435
11206211744
11206212101
11206220018
11206220335
11206220652
11206221705
11206222021
11206222338
11206230255
11206230722
11206231037
11206231352
11206232016
11206232333
11206240353
11206240709
11206241026
11206241235
11206241551
11206241655
11206242012
11206242329
11206250246
11206250603
11206251653
11206252011
11206252328
11206260245
11206261628
11206261947
11206262307
11206271605
11206271924
11206272357
11206280313
11206280630
11206281632
11206282309
11206290226
11206290543
11206291600
11206291917
11206292158
11206300117
11206300436
11206300756
11206301056
11206301413
11206301731
11206301816
11206302134
11207010053
11207010413
11207010732
11207011050
11207011407
11207011724
11207012043
11207020008
11207020646
11207022147
11207030351
11207030653
11207030953
11207032151
11207040931
11207041343
11207041421
11207041736
11207042053
11207050009
11207050325
11207050644
11207051653
11207052325
11207060243
11207060651
11207061715
11207062033
11207062352
11207070330
11207070647
11207071709
11207072029
11207080011
11207080328
11207080645
11207091749
11207092127
11207100044
11207100404
11207100723
11207101812
11207102213
11207110537
11207110809
11207111713
11207112209
11207121043
11207121759
11207122116
11207130033
11207130350
11207170601
11207171616
11207171709
11207172027
11207180303
11207181053
11207181533
11207181626
11207181943
11207182300
11207190308
11207190625
11207192032
11207192340
11207200257
11207200614
11207201235
11207201659
11207202107
11207210024
11207210342
11207210659
11207211016
11207211333
11207211653
11207212050
11207220007
11207220324
11207220641
11207220958
11207221315
11207222018
11207222335
11207230253
11207230610
11207230937
11207231759
11207232116
11207240033
11207240350
11207240708
11207241554
11207241911
11207242228
11207250145
11207250502
11207250819
11207251549
11207251906
11207252223
11207260140
11207260457
11207260817
11207261156
11207261513
11207261830
11207262147
11207270104
11207270422
11207270741
11207271111
11207271612
11207271929
11207272337
11207280254
11207280611
11207280930
11207281250
11207281655
11207282012
11207282329
11207290246
11207290603
11207290920
11207291239
11207291615
11207291932
11207292249
11207300206
11207300524
11207301717
11207302033
11207302350
11207310308
11207310625
11207311846
11207312204
11208010121
11208010438
11208011753
11208011858
11208012214
11208020131
11208020448
11208080908
11208081713
11208082030
11208082350
11208090329
11208090646
11208100615
11208112344
11208120304
11208120623
11208121032
11208121155
11208121512
11208122146
11208131908
11208140301
11208141748
11208142124
11208150041
11208150358
11208150715
11208151713
11208152031
11208152348
11208160305
11208160622
11208160939
11208161739
11208162100
11208170020
11208170339
11208170659
11208181300
11208181619
11208181936
11208182253
11208190210
11208190527
11208190844
11208191201
11208191518
11208191835
11208192152
11208200109
11208200426
11208200743
11208201659
11208202018
11208202338
11208210247
11208210604
11208221734
11208222051
11208230008
11208230325
11208230642
11208231609
11208231926
11208232243
11208240200
11208240517
11208241656
11208242013
11208242331
11208250248
11208250605
11208250922
11208251239
11208251556
11208251913
11208252230
11208260150
11208260509
11208260917
11208261234
11208261552
11208261909
11208262226
11208270143
11208270500
11208271658
11208272015
11208272334
11208280253
11208280613
11208281654
11208282011
11208282328
11208290245
11208290602
11208291657
11208292014
11208292331
11208300248
11208300605
11208301710
11208302026
11208302344
11208310301
11208310620
11208311600
11208311916
11209010150
11209010508
11209010825
11209011142
11209011459
11209011816
11209012133
11209020050
11209020407
11209020725
11209021042
11209021359
11209021718
11209022038
11209022357
11209030317
11209030628
11209030945
11209031303
11209031530
11209031847
11209032204
11209040121
11209040438
11209040900
11209041112
11209041644
11209042001
11209042319
11209050236
11209050553
11209051744
11209052100
11209060018
11209060335
11209060652
11209061626
11209061943
11209062300
11209070217
11209070535
11209071703
11209072022
11209072339
11209080256
11209080613
11209080930
11209081247
11209081604
11209081922
11209082239
11209082321
11209090239
11209090556
11209090916
11209091334
11209091651
11209092008
11209092325
11209100242
11209100559
11209100811
11209100915
11209101014
11209101223
11209101329
11209101756
11209101925
11209102241
11209110808
11209111704
11209112021
11209112338
11209120255
11209120614
11209121907
11209122224
11209130219
11209130536
11209131650
11209131823
11209132140
11209140057
11209140414
11209140731
11209141506
11209141824
11209142119
11209150034
11209150349
11209150704
11209151019
11209151334
11209151649
11209152005
11209152322
11209160237
11209160623
11209160922
11209161240
11209161557
11209161914
11209162231
11209170148
11209170505
11209170822
11209171654
11209172011
11209172328
11209180245
11209180602
11209181549
11209181658
11209190029
11209190346
11209190703
11209191657
11209192014
11209192331
11209200606
11209201711
11209202344
11209210621
11209211624
11209211920
11209212237
11209220154
11209220828
11209221145
11209221502
11209221822
11209222141
11209230101
11209230508
11209230827
11209231146
11209231504
11209231821
11209240055
11209240414
11209242006
11209242323
11209250240
11209250557
11209252148
11209260105
11209260424
11209261633
11209261957
11209262314
11209270231
11209270551
11209271757
11209272113
11209280030
11209280350
11209280708
11209281745
11209282101
11209290018
11209290335
11209290654
11209291014
11209291333
11209291651
11209292008
11209292325
11209300242
11209300601
11209300921
11209301238
11209301555
11209301912
11209302229
11210010146
11210010505
11210011546
11210011903
11210012222
11210020142
11210020501
11210020820
11210021230
11210021550
11210021907
11210022224
11210030141
11210030458
11210031843
11210032204
11210040121
11210040440
11210041742
11210042059
11210050016
11210050333
11210050650
11210051306
11210051712
11210052029
11210052346
11210061414
11210061733
11210062050
11210070007
11210070326
11210070646
11210071054
11210071411
11210071728
11210072045
11210080002
11210080319
11210080636
11210081626
11210081959
11210082316
11210090233
11210090550
11210091733
11210092052
11210100012
11210100420
11210101658
11210102015
11210102332
11210110249
11210110606
11210111700
11210112123
11210120040
11210120357
11210120714
11210120949
11210121049
11210121639
11210121955
11210122312
11210130229
11210130549
11210130959
11210131316
11210131633
11210131950
11210132307
11210140224
11210140541
11210140858
11210141215
11210141532
11210141849
11210142206
11210150126
11210150534
11210151706
11210152023
11210152340
11210160257
11210160614
11210161704
11210162114
11210170032
11210170349
11210170706
11210171711
11210171804
11210172121
11210180039
11210180356
11210180713
11210181134
11210181550
11210181916
11210182307
11210190225
11210190542
11210190859
11210191041
11210191411
11210191728
11210192045
11210200002
11210200319
11210200636
11210200953
11210201313
11210201721
11210201816
11210202133
11210210051
11210210408
11210210725
11210211042
11210211400
11210211717
11210212034
11210212353
11210220401
11210220719
11210221305
11210221606
11210221923
11210230157
11210230514
11210231657
11210232013
11210232331
11210240248
11210240605
11210241534
11210241850
11210242300
11210250217
11210250535
11210250915
11210251532
11210252150
11210260407
11210261517
11210261834
11210262151
11210270108
11210270425
11210270742
11210271059
11210271416
11210271735
11210272145
11210280102
11210280419
11210280737
11210281054
11210281411
11210281728
11210282045
11210290002
11210290319
11210290638
11210291716
11210292032
11210292349
11210300307
11210300715
11210301702
11210302018
11210302335
11210310548
11210311702
11210312024
11210312341
11211010349
11211010706
11211011646
11211012010
11211012329
11211020233
11211020550
11211021631
11211021948
11211022358
11211030315
11211030632
11211030949
11211031306
11211031623
11211032033
11211032350
11211040207
11211040525
11211040842
11211041159
11211041608
11211041925
11211042242
11211050159
11211050516
11211051715
11211052031
11211052348
11211060305
11211060623
11211061646
11211062005
11211062322
11211070239
11211070556
11211071551
11211071913
11211072230
11211080147
11211080546
11211081534
11211081655
11211082016
11211082333
11211090341
11211090658
11211091155
11211091512
11211091846
11211092206
11211100203
11211100520
11211100837
11211101154
11211101511
11211101828
11211102236
11211110154
11211110511
11211110828
11211111145
11211111502
11211111821
11211112113
11211120030
11211120347
11211120704
11211121744
11211122008
11211122325
11211130242
11211130559
11211131705
11211132024
11211132343
11211140302
11211140622
11211141632
11211141949
11211142306
11211151434
11211151751
11211152108
11211160025
11211160342
11211160701
11211161818
11211162136
11211170053
11211170410
11211170819
11211171136
11211171453
11211171811
11211172128
11211180045
11211180454
11211180812
11211181129
11211181446
11211181803
11211182120
11211190128
11211190445
11211191810
11211192128
11211200045
11211200402
11211200719
11211201749
11211202106
11211210023
11211210340
11211210700
11211211557
11211211914
11211212231
11211220148
11211220507
11211220847
11211221205
11211221522
11211221839
11211222156
11211230113
11211230430
11211230918
11211231237
11211231554
11211231911
11211232229
11211240146
11211240719
11211241147
11211241616
11211241948
11211242304
11211250224
11211250908
11211251225
11211251408
11211251725
11211252313
11211260231
11211260548
11211260905
11211261223
11211261717
11211262059
11211270016
11211270333
11211270650
11211271713
11211271907
11211272225
11211280142
11211280459
11211280816
11211281120
11211281652
11211282008
11211282325
11211290243
11211290600
11211300106
11211301858
11211302049
11211302155
11211302257
11212010214
11212010532
11212010940
11212011109
11212011412
11212011537
11212011624
11212011941
11212012258
11212020215
11212020535
11212020832
11212021149
11212021629
11212021946
11212022355
11212030313
11212030630
11212032214
11212040130
11212040448
11212040805
11212050001
11212050147
11212050335
11212050522
11212050709
11212050947
11212051917
11212052122
11212060039
11212060356
11212062139
11212070059
11212070345
11212070702
11212072012
11212072331
11212080230
11212080547
11212080904
11212081224
11212081617
11212081934
11212082251
11212090208
11212090525
11212090842
11212091252
11212091609
11212091926
11212092243
11212100200
11212101048
11212101736
11212102053
11212102250
11212102322
11212110241
11212110604
11212110843
11212111201
11212111545
11212111902
11212112219
11212120138
11212121157
11212122109
11212130435
11212130752
11212131300
11212131409
11212141002
11212141744
11212142101
11212150018
11212150336
11212150653
11212151012
11212151256
11212151613
11212151930
11212152247
11212160204
11212160522
11212160841
11212161142
11212161459
11212161816
11212162133
11212170051
11212170408
11212171237
11212171733
11212172049
11212180006
11212180323
11212180643
11212181737
11212182054
11212190011
11212190419
11212191654
11212192011
11212192330
11212200304
11212200621
11212201734
11212202050
11212210100
11212210417
11212211659
11212212024
11212212341
11212220258
11212220615
11212220932
11212221340
11212221657
11212222015
11212222332
11212230249
11212230606
11212230925
11212231323
11212231640
11212231957
11212232314
11212240231
11212240548
11212241001
11212241318
11212241635
11212241952
11212242309
11212250226
11212250634
11212250951
11212251308
11212251626
11212251943
11212252300
11212260219
11212260505
11212261653
11212262020
11212262339
11212270321
11212270638
11212271713
11212272029
11212272347
11212280410
11212280727
11212281332
11212281443
11212281702
11212281747
11212282104
11212290147
11212290504
11212290821
11212291139
11212291456
11212291813
11212292256
11212300213
11212300530
11212300847
11212301204
11212301521
11212302004
11212302321
11212310241
11212310639
11212311539
11212311642
11212311746
11212311902
11212312219
11301010138
11301010500
11301010817
11301011134
11301011451
11301011808
11301012125
11301020208
11301020525
11301022129
11301030047
11301030531
11301031458
11301031816
11301032133
11301040050
11301040407
11301041133
11301041258
11301041356
11301041522
11301041710
11301042027
11301042344
11301050303
11301050722
11301051040
11301051357
11301051714
11301052031
11301052348
11301060431
11301060749
11301061106
11301061423
11301061740
11301062057
11301070142
11301070459
11301070857
11301071016
11301071751
11301072052
11301072347
11301080305
11301080622
11301081654
11301082011
11301082240
11301082343
11301090300
11301090620
11301091608
11301091740
11301092056
11301100016
11301100501
11301100818
11301101135
11301101452
11301101812
11301102147
11301110104
11301110421
11301110741
11301111143
11301111817
11301112134
11301120054
11301120413
11301120854
11301121211
11301121528
11301121845
11301122202
11301130119
11301130439
11301130817
11301131134
11301131451
11301131808
11301132125
11301140042
11301140526
11301140843
11301141018
11301141335
11301141652
11301142009
11301142329
11301150337
11301150655
11301151644
11301152127
11301160044
11301160401
11301160718
11301161038
11301161713
11301162037
11301162354
11301171045
11301171645
11301172004
11301180049
11301180406
11301180723
11301180926
11301181244
11301181446
11301181803
11301182120
11301190008
11301190328
11301190737
11301191055
11301191412
11301191729
11301192046
11301200003
11301200446
11301200804
11301201121
11301201438
11301201755
11301202113
11301210155
11301210513
11301210830
11301211147
11301211504
11301211821
11301212141
11301220432
11301221551
11301221911
11301222247
11301230204
11301230522
11301231740
11301232057
11301240014
11301240331
11301240648
11301240815
11301240937
11301241300
11301241618
11301241935
11301242252
11301250209
11301250526
11301251832
11301251910
11301252226
11301260143
11301260501
11301260818
11301261135
11301261452
11301261809
11301262126
11301270044
11301270401
11301270718
11301271035
11301271352
11301271709
11301281333
11301281737
11301282054
11301290011
11301290328
11301290645
11301291738
11301292100
11301300018
11301300337
11301300657
11301301701
11301302018
11301302335
11301310252
11301310609
11301310927
11301311624
11301311941
11301312258
11302010532
11302011749
11302012106
11302020023
11302020340
11302020657
11302021014
11302021332
11302021649
11302021831
11302022149
11302030106
11302030423
11302030741
11302031058
11302031415
11302031733
11302032050
11302040007
11302040324
11302040641
11302041447
11302041607
11302041923
11302042240
11302050157
11302050515
11302051332
11302051715
11302052032
11302052349
11302060624
11302061452
11302061809
11302062126
11302062336
11302070253
11302070611
11302071628
11302071944
11302072301
11302080218
11302080536
11302081521
11302081838
11302082156
11302090113
11302090430
11302090747
11302091104
11302091422
11302091739
11302092056
11302100014
11302100331
11302100648
11302101005
11302101322
11302101640
11302101957
11302102314
11302110232
11302110549
11302110906
11302111224
11302111541
11302111858
11302112216
11302120133
11302120450
11302121136
11302121458
11302121815
11302122132
11302130050
11302130407
11302130725
11302131509
11302131826
11302132144
11302140101
11302140419
11302140736
11302141519
11302141836
11302142154
11302150111
11302150428
11302150746
11302151524
11302151841
11302152158
11302160115
11302160433
11302160750
11302161107
11302161424
11302161742
11302162059
11302170016
11302170333
11302170651
11302171008
11302171325
11302171642
11302172000
11302172320
11302180239
11302180559
11302180919
11302181454
11302181811
11302182128
11302190045
11302190403
11302190720
11302191404
11302191721
11302192038
11302192358
11302200443
11302201523
11302201840
11302202157
11302210114
11302210431
11302210749
11302211108
11302211450
11302211807
11302212124
11302220041
11302220359
11302220716
11302221511
11302221828
11302222145
11302230102
11302230419
11302230737
11302231056
11302231446
11302231804
11302232121
11302240038
11302240356
11302240713
11302241030
11302241348
11302241707
11302242151
11302250108
11302250425
11302251452
11302251809
11302252126
11302260043
11302260400
11302260718
11302261624
11302261942
11302262300
11302270217
11302270535
11302271556
11302271914
11302272231
11302280148
11302280508
11302281501
11302281818
11302282135
11303010052
11303010409
11303011341
11303011658
11303012015
11303012335
11303020418
11303020736
11303021053
11303021410
11303021727
11303022045
11303030003
11303030320
11303030638
11303030955
11303031312
11303031631
11303031951
11303032325
11303040243
11303040600
11303041514
11303041831
11303042148
11303050105
11303050422
11303051607
11303051924
11303052241
11303060158
11303060515
11303061655
11303062012
11303062330
11303070247
11303070605
11303071508
11303071849
11303072207
11303080124
11303080442
11303080800
11303081517
11303081828
11303082145
11303090103
11303090420
11303090737
11303091054
11303091414
11303091826
11303092144
11303100101
11303100520
11303100840
11303101159
11303101519
11303101946
11303102306
11303110226
11303110545
11303111511
11303111901
11303112219
11303120136
11303120453
11303121518
11303122002
11303122319
11303130236
11303130554
11303130911
11303131517
11303131922
11303132239
11303140513
11303141519
11303141835
11303142153
11303150110
11303150427
11303151234
11303151454
11303151811
11303152128
11303160045
11303160402
11303160720
11303161037
11303161354
11303161713
11303162158
11303170115
11303170432
11303170749
11303171106
11303171423
11303171740
11303172058
11303180015
11303180332
11303181423
11303181741
11303182058
11303190015
11303190333
11303190650
11303191459
11303191815
11303192133
11303200050
11303200409
11303201454
11303201811
11303202128
11303210045
11303210403
11303210720
11303211037
11303211354
11303211712
11303212031
11303220100
11303220417
11303220734
11303221052
11303221409
11303221726
11303222043
11303230000
11303230317
11303230800
11303231118
11303231435
11303231752
11303232109
11303240026
11303240344
11303240704
11303241120
11303241437
11303241754
11303242112
11303250029
11303250346
11303250703
11303251613
11303251930
11303252247
11303260205
11303260522
11303261035
11303261419
11303261736
11303262053
11303270011
11303270329
11303270646
11303271435
11303271752
11303272236
11303280154
11303280511
11303280829
11303281146
11303281530
