11203011007
11203011223
11203050810
11203060840
11203090739
11203120813
11203140738
11203140936
11203141124
11203161402
11203190907
11203191157
11203191503
11203200848
11203201018
11203201100
11203201234
11203201510
11203221129
11203221411
11203230847
11203231149
11203231352
11203260830
11203261500
11204021011
11204021351
11204030736
11204030954
11204031212
11204051201
11204090855
11204091059
11204091259
11204091515
11204101040
11204101351
11204121135
11204121352
11204121609
11204130918
11204131026
11204131307
11204131529
11204170738
11204171528
11204181518
11204191016
11204191334
11204230750
11204231108
11204240724
11204241042
11204241401
11204270733
11204301112
11204301244
11204301621
11205010732
11205030747
11205031152
11205031314
11205040740
11205040850
11205041117
11205070736
11205070935
11205071205
11205081213
11205081532
11205091409
11205100930
11205101249
11205111341
11205140816
11205141138
11205141457
11205150848
11205151207
11205151528
11205160826
11205161145
11205161505
11205170809
11205171128
11205171448
11205180800
11205181119
11205181439
11205301056
11205301205
11205301527
11205310954
11205311314
11206010911
11206011231
11206011550
11206041157
11206041418
11206051223
11206051443
11206151441
11206151611
11206180903
11206181249
11206190937
11206191314
11206200815
11206201556
11206210756
11206211118
11206211418
11206211536
11206220806
11206221059
11206221346
11206251151
11206251510
11206260752
11206270801
11206280749
11206281112
11206281257
11206290817
11206291141
11207021028
11207021412
11207051115
11207051447
11207111314
11207131019
11207180954
11207241038
11207251005
11207271202
11207300858
11207301220
11207301511
11208151531
11208151616
11208171300
11208200959
11208201537
11208240914
11208270841
11208271137
11208271230
11208271326
11208271443
11208271542
11208280940
11208281213
11208290819
11208291148
11208300829
11208310946
11208311358
11209041304
11209050815
11209051150
11209051522
11209070748
11209071120
11209110911
11209111241
11209111345
11209111533
11209120921
11209121251
11209131202
11209131405
11209131443
11209140940
11209170939
11209171311
11209190948
11209191317
11209200900
11209201108
11209211111
11209240832
11209241201
11209241531
11209271514
11209281447
11210010829
11210011158
11210040843
11210041213
11210050751
11210051128
11210080753
11210091253
11210091537
11210100810
11210101215
11210110954
11210111414
11210150950
11210151319
11210161213
11210161514
11210170803
11210171157
11210180813
11210220759
11210230845
11210231216
11210231523
11210240753
11210261145
11210291104
11210291446
11210301117
11210301445
11210311103
11210311432
11211010809
11211011139
11211050753
11211051122
11211051530
11211060743
11211061114
11211061404
11211070744
11211120845
11211121214
11211121544
11211130853
11211131236
11211140817
11211141150
11211141456
11211191222
11211191551
11211200828
11211201139
11211201509
11211211004
11211211334
11211261459
11211270759
11211271130
11211271500
11212030748
11212031118
11212041136
11212041505
11212101248
11212101618
11212141106
11212141417
11212171336
11212171529
11212180754
11212181123
11212181452
11212191026
11212191355
11212200917
11212201245
11212201615
11212210858
11212211228
11212260858
11212261227
11212261557
11212270823
11212271153
11301030935
11301071344
11301080942
11301081310
11301220816
11301221146
11301230851
11301231221
11301251212
11301281610
11301291157
11301291526
11301301005
11301301334
11302060803
11302061132
11302070811
11302071141
11302080835
11302080932
11302081301
11302130809
11302130918
11302131248
11302140916
11302141246
11302150854
11302151223
11302181007
11302181340
11302190821
11302191150
11302200758
11302201127
11302221014
11302221343
11302250826
11302251233
11302260956
11302261328
11302281005
11302281334
11303010804
11303011133
11303040857
11303041226
11303050816
11303051153
11303060833
11303061203
11303070953
11303071324
11303110921
11303111250
11303120959
11303121328
11303131352
11303141323
11303150827
11303180830
11303181159
11303190809
11303191138
11303200907
11303201236
11303250745
11303251228
11303270754
11303271239
